1.065020906345448282e+02
2.042840640338436629e+02
3.958327413493559988e+00
4.799920603993130364e+00
9.837880953152028374e-02
6.651661657302298636e+00
1.990125145593589773e-01
4.134439782508039763e-04
2.009027211040128158e+00
6.988720328698456719e-01
5.891650271904802288e-04
5.444224402595703225e-05
2.063824271863150095e+00
1.349331825736685463e-03
9.349575974264914835e-05
7.988360890423452541e-04
7.924980438421415840e+01
4.834926544182695579e+03
4.801054349304938569e+02
6.128598618233070283e+02
6.153077486583291829e+03
