6.969344092975634908e+01
1.826521457660055319e+02
3.886514233862324641e+00
4.177108140850068096e+00
1.377184062353593308e-01
6.107542430285418433e+00
1.703856813887167365e-01
5.689861897684944875e-04
2.190477165282896266e+00
6.928297761337720573e-01
8.808212111434392689e-04
5.479794759607090299e-05
1.709154642441256922e+00
1.827108466856600284e-03
1.192907975318644473e-04
1.716487905564699013e-03
6.654815094305160983e+01
5.217098296043529444e+03
8.358253513871161431e+02
5.875676317288719019e+02
9.638303229634948366e+03
