9.091513558770839154e+01
1.917825468382790461e+02
4.632409023050638730e+00
5.755251663653318417e+00
8.855993689246960399e-02
3.545868621395084741e+00
2.877054884125483381e-01
8.196346256729412656e-04
1.708315444949966899e+00
8.950386198209587807e-01
4.729347332960941977e-04
9.267628589335898635e-05
2.360111405102506055e+00
2.388468094943426746e-03
8.486840876405689230e-05
1.323349921594607842e-03
8.369686602268913589e+01
8.945884802871660213e+03
6.666192512921447815e+02
6.076037883510771280e+02
1.903831841308858202e+03
