9.177767883645796587e+01
2.211070749613016631e+02
3.959023621094786005e+00
3.666337057754323503e+00
1.318722453193691968e-01
3.784914535296131088e+00
2.786287729424490323e-01
1.427284132599583892e-03
1.449261074131118265e+00
9.200992485366028539e-01
6.024729029502368799e-04
3.531323365717304263e-05
1.472667016236205439e+00
1.390960580723505854e-03
6.293642941896839666e-05
7.085635062076356492e-04
7.413621769811277318e+01
5.002930432890410884e+03
5.034077377702435570e+02
3.268724272921861029e+02
3.147410938150342645e+03
