2.153932311996931901e+02
2.814934639259887739e+00
4.238097025992856537e+00
6.431600903202419617e-02
4.714194819906865952e+00
2.233440874678987997e-01
7.910681189744655020e-04
1.960916156810258215e+00
8.595395340977178833e-01
6.455876046498118656e-04
4.976542826861548555e-05
2.591088088874078821e+00
2.478724114190714901e-03
6.347778447653973344e-05
2.953470338558183798e-03
6.607624286021410853e+01
5.905948239258423200e+03
1.059581310803773476e+03
6.578947321538558981e+02
4.531752249994532576e+03
